TICKER,PRECO,DY,P/L,P/VP,P/ATIVOS,MARGEM BRUTA,MARGEM EBIT,MARG. LIQUIDA,P/EBIT,EV/EBIT,DIVIDA LIQUIDA / EBIT,DIV. LIQ. / PATRI.,PSR,P/CAP. GIRO,P. AT CIR. LIQ.,LIQ. CORRENTE,ROE,ROA,ROIC,PATRIMONIO / ATIVOS,PASSIVOS / ATIVOS,GIRO ATIVOS,CAGR RECEITAS 5 ANOS,CAGR LUCROS 5 ANOS,LIQUIDEZ MEDIA DIARIA,VPA,LPA,PEG Ratio,VALOR DE MERCADO
ABCB4,16.45,8.49,4.65,0.71,0.07,35.76,27.56,19.63,3.31,3.31,0.0,0.0,0.91,0.99,-0.07,3.58,15.37,1.41,0.0,0.09,0.91,0.07,13.58,13.36,17783018.46,23.02,3.54,0.12,3719182441.1
ALPA4,7.8,0.0,43.86,0.93,0.63,46.1,4.81,2.9,26.49,30.97,3.12,0.11,1.27,2.34,-1.13,2.52,2.11,1.43,1.62,0.68,0.32,0.49,2.36,-19.63,65924199.81,8.43,0.18,-0.53,5599493882.8
ALUP4,8.79,4.66,8.41,0.75,0.28,81.93,74.76,23.96,2.7,5.85,3.14,0.87,2.02,2.74,-0.34,2.1,8.86,3.29,11.93,0.37,0.63,0.14,20.04,22.65,269068.19,11.8,1.04,-0.48,7771343485.36
AZEV4,1.32,0.0,8.8,0.82,0.21,5.05,-3.09,3.59,-10.22,-13.47,-3.09,0.25,0.32,-3.17,-0.3,0.83,9.28,2.33,-25.37,0.25,0.75,0.65,-8.87,0.0,733902.46,1.62,0.15,-0.1,103470601.44
AZUL4,11.22,0.0,-19.64,-0.75,0.76,17.47,8.96,-4.53,9.93,18.51,15.77,0.0,0.89,-1.39,-1.02,0.32,-3.8,-3.86,33.94,-1.02,2.02,0.85,15.41,0.0,212406124.08,-15.03,-0.57,0.24,3904667810.44
BALM4,9.8,3.65,3.73,0.7,0.42,57.07,15.53,17.43,4.19,3.38,-0.83,-0.14,0.65,0.94,-1.34,2.93,18.9,11.35,12.7,0.6,0.4,0.65,3.42,53.56,5341.76,13.9,2.63,0.02,96530000.0
BAUH4,80.15,0.0,45.93,3.89,2.53,20.99,1.84,4.97,123.98,123.95,-0.03,0.0,2.28,90.13,-3.68,1.1,8.46,5.51,-1.98,0.65,0.35,1.11,5.51,3.46,31122.0,20.62,1.75,-0.86,418561093.3
BBDC4,12.5,8.06,6.27,0.84,0.07,36.23,11.76,10.3,5.49,5.21,0.0,0.0,0.65,1.27,-0.08,8.86,13.37,1.18,0.0,0.09,0.91,0.11,8.37,4.42,750510911.03,14.92,1.99,1.83,126097731764.7
BDLL4,8.8,0.0,2.56,-0.07,0.02,-49.16,-112.68,21.92,-0.5,-6.59,-6.04,0.0,0.56,-0.14,-0.04,0.74,-2.79,0.8,-357.89,-0.29,1.29,0.04,-39.65,0.0,5048.5,-123.47,3.44,-0.02,15658699.2
BEES4,7.0,8.42,6.4,1.11,0.06,26.05,10.64,7.23,4.34,4.02,0.0,0.0,0.46,0.5,-0.07,0.0,17.36,0.94,0.0,0.05,0.95,0.13,12.53,15.62,37738.16,6.31,1.09,0.18,2047375760.0
BGIP4,17.0,14.51,3.44,0.44,0.03,35.9,8.36,7.03,2.89,3.53,0.0,0.0,0.24,-0.2,-0.07,0.75,12.68,0.97,0.0,0.08,0.92,0.14,8.79,-2.49,120620.62,38.96,4.94,-0.35,317089192.05
BIDI4,3.41,0.0,-234.18,1.06,0.23,50.04,-13.62,-5.22,-89.72,-91.21,0.0,0.0,12.22,0.0,-0.24,0.0,-0.45,-0.1,0.0,0.22,0.78,0.02,5.8,0.0,44223197.08,3.22,-0.01,0.12,8991139764.53
BLUT4,1.52,0.0,-1.66,0.14,0.04,0.0,0.0,0.0,-1.82,-4.91,-1.59,0.12,0.0,-0.32,-0.04,0.0,-8.15,-2.46,-6.65,0.3,0.7,0.0,0.0,0.0,224305.0,11.21,-0.91,0.06,14115600.06
BMEB4,10.04,5.4,5.27,0.77,0.07,53.83,7.19,5.46,4.0,4.15,0.0,0.0,0.29,0.58,-0.08,0.0,14.67,1.29,0.0,0.09,0.91,0.24,5.94,22.46,54279.41,13.0,1.91,0.76,1092254067.04
BMGB4,1.98,18.45,19.14,0.28,0.03,41.43,-3.97,0.96,-4.6,-4.6,0.0,0.0,0.18,0.0,-0.03,0.0,1.46,0.14,0.0,0.09,0.91,0.14,19.34,37.39,2186267.68,7.08,0.1,-0.25,1154800173.78
BMIN4,12.0,10.06,5.93,0.44,0.23,53.4,31.05,23.54,4.5,5.92,0.0,0.0,1.4,85.4,-0.23,0.0,7.39,3.9,0.0,0.53,0.47,0.17,16.78,0.0,9389.06,27.38,2.02,0.03,76214403.65
BOBR4,1.15,0.0,13.27,-1.92,0.35,34.71,10.72,1.54,1.9,3.23,2.34,0.0,0.2,-1.37,-0.66,0.65,-14.51,2.61,61.29,-0.18,1.18,1.7,6.05,-29.19,17341.3,-0.6,0.09,-0.2,141328631.3
BPAN4,4.6,6.06,8.76,0.82,0.11,52.6,6.81,5.66,7.28,7.28,0.0,0.0,0.5,0.0,-0.11,0.0,9.38,1.2,0.0,0.13,0.87,0.21,8.24,43.43,17079696.97,5.6,0.52,-0.39,5856716637.4
BRAP4,25.59,12.78,1.69,1.28,1.27,0.0,0.0,0.0,1.71,1.5,-0.14,-0.11,0.0,12.61,-1.43,9.56,75.82,74.92,74.47,0.99,0.01,0.0,0.0,56.67,70717443.14,19.93,15.11,0.19,9715747403.88
BRIV4,9.02,6.88,6.69,0.47,0.03,16.44,6.0,4.07,4.53,4.57,0.0,0.0,0.27,0.64,-0.03,18.27,7.04,0.45,0.0,0.06,0.94,0.11,20.48,19.19,12366.19,19.15,1.35,0.0,806129944.45
BSLI4,11.2,1.92,13.28,1.83,0.1,32.92,5.2,5.54,14.13,15.59,0.0,0.0,0.74,-0.36,-0.11,0.19,13.75,0.76,0.0,0.06,0.94,0.14,17.77,3.79,5841.96,6.14,0.84,-0.29,4486340550.0
CALI4,50.0,8.64,26.58,7.87,0.82,23.54,11.81,4.69,10.56,6.0,4.1,3.06,1.25,4.08,-1.67,1.65,29.6,3.08,13.16,0.1,0.9,0.66,65.29,8.74,0.0,6.36,1.88,-4.25,33488739.0
CAMB4,6.25,3.3,4.67,1.54,0.68,44.98,20.25,12.86,2.96,3.38,1.11,0.58,0.6,3.51,-1.3,1.7,33.1,14.65,30.44,0.44,0.56,1.14,11.16,4.83,0.0,4.05,1.34,0.04,202074882.4
CASN4,8.37,0.46,81.5,4.3,1.88,43.68,16.23,7.31,36.72,58.15,6.9,0.81,5.96,-74.73,-2.14,0.83,5.28,2.3,4.87,0.44,0.56,0.32,5.83,28.01,0.0,1.95,0.1,-2.7,11094218905.01
CEDO4,3.33,0.0,-1.59,0.32,0.04,13.78,4.03,-1.73,0.68,5.52,4.54,2.16,0.03,-0.34,-0.08,0.83,-20.39,-2.38,13.44,0.12,0.87,1.38,13.54,0.0,5362.9,10.28,-2.1,0.01,47396546.88
CEED4,35.0,0.0,9.35,-0.86,0.38,18.16,7.89,5.56,6.59,11.48,5.66,0.0,0.52,1002.06,-0.57,1.0,-9.22,4.11,-284.64,-0.45,1.45,0.74,12.08,0.0,3500.0,-40.61,3.74,-0.07,2109749794.4
CGRA4,25.53,13.24,4.15,0.59,0.42,54.49,13.99,17.45,5.17,3.97,-1.31,-0.15,0.72,1.6,-0.76,2.45,14.31,10.16,9.5,0.71,0.29,0.58,9.76,14.16,174506.3,43.02,6.15,-0.13,504176511.8
CLSC4,48.0,10.71,5.67,0.64,0.16,13.36,6.71,4.19,3.55,5.93,2.47,0.45,0.24,3.28,-0.23,1.19,11.26,2.79,8.32,0.25,0.75,0.66,13.22,0.0,161342.49,75.16,8.46,-0.11,1805320771.11
CMIG4,10.46,14.65,5.66,1.09,0.42,16.75,13.08,11.65,5.04,7.28,1.44,0.31,0.66,7.35,-0.58,1.27,19.31,7.47,13.9,0.39,0.61,0.64,12.38,64.85,110443502.03,9.57,1.85,-4.52,26661424659.04
CORR4,82.0,0.0,0.21,0.27,0.1,99.6,463.27,408.67,0.18,-1.19,-1.32,-1.99,0.84,0.17,-0.47,3.47,133.68,46.57,112.42,0.35,0.65,0.11,-16.36,0.0,0.0,298.41,398.91,0.0,1278894.65
CRIV4,5.01,9.46,13.35,0.48,0.04,29.83,3.35,2.56,10.21,10.21,0.0,0.0,0.34,0.09,-0.07,48.36,3.58,0.29,0.0,0.08,0.92,0.11,18.33,-9.87,39864.91,10.5,0.38,0.0,515742205.56
CSAB4,50.0,2.24,21.07,2.02,0.98,29.1,289.0,401.83,29.29,23.07,0.0,0.0,84.66,7.5,-1.21,3.28,9.6,4.66,0.0,0.49,0.51,0.01,-33.4,-2.04,10000.0,24.72,2.37,0.22,302438400.0
CTKA4,6.66,0.0,-2.69,-0.25,0.07,35.6,3.99,-2.5,1.68,26.01,22.58,0.0,0.07,0.25,-0.22,1.7,-9.46,-2.56,5.3,-0.27,1.27,1.02,12.05,0.0,2453.6,-26.13,-2.47,0.02,83928176.7
CTNM4,1.32,0.0,-0.13,0.08,0.01,22.43,-5.68,-17.19,-0.4,-11.41,-10.64,2.13,0.02,-1.71,-0.02,0.98,-60.74,-8.14,-4.4,0.13,0.75,0.47,-3.61,0.0,23456.14,16.45,-9.99,0.0,77726427.24
CTSA4,1.12,0.0,-0.9,0.11,0.05,10.14,-3.75,-7.12,-1.72,-9.16,-7.06,0.46,0.06,-0.87,-0.07,0.84,-12.34,-5.57,-8.29,0.45,0.55,0.78,9.79,0.0,14807.94,10.05,-1.24,0.0,38119949.97
DEXP4,6.3,6.44,4.44,1.12,0.45,17.7,10.18,6.13,2.67,3.88,0.97,0.41,0.27,1.08,-1.27,2.75,25.35,10.07,22.04,0.4,0.52,1.64,32.29,20.48,15430.38,5.6,1.42,-0.14,645230308.5
DOHL4,4.13,3.2,14.47,0.44,0.33,22.36,2.26,3.37,21.53,45.4,1.82,0.04,0.49,0.75,-0.69,5.83,3.05,2.27,1.61,0.75,0.25,0.67,9.46,6.91,5450.09,9.37,0.29,-0.17,632141130.45
DTCY4,62.6,0.0,-179.04,-304.82,56.45,13.15,-47.85,-49.64,-185.72,-22.43,0.17,0.0,88.87,-192.81,-88.71,0.55,-170.25,-31.53,471.95,-0.19,1.19,0.64,-8.48,0.0,0.0,-0.21,-0.35,14.96,84817525.8
EALT4,6.86,4.37,3.57,0.75,0.3,23.54,12.74,8.88,2.49,4.49,1.91,0.58,0.32,-12.19,-0.48,0.94,21.11,8.26,16.93,0.39,0.61,0.93,26.85,0.0,73977.41,9.1,1.92,0.08,159615000.0
ECPR4,90.74,0.0,-9.92,1.22,0.62,0.0,0.0,0.0,-17.21,-17.09,0.08,-0.01,0.0,175.57,-0.63,2.97,-12.28,-6.29,-7.36,0.51,0.49,0.0,0.0,0.0,0.0,74.46,-9.14,0.14,171908947.31
EEEL4,410.0,33.87,4.36,2.24,0.84,61.09,81.88,64.47,3.43,3.14,0.65,0.42,2.81,7.58,-1.1,1.84,51.31,19.18,31.79,0.37,0.63,0.3,6.73,18.11,100734.67,183.24,94.03,0.0,2864486063.75
EKTR4,38.0,20.47,7.47,2.57,0.74,26.12,21.32,11.75,4.12,6.52,2.5,1.56,0.88,14.16,-1.03,1.23,34.42,9.93,17.65,0.29,0.71,0.85,7.62,21.37,17753.92,14.79,5.09,0.37,7179090126.0
ELEK4,36.99,0.0,47.34,5.15,2.07,11.39,2.82,2.53,42.48,38.76,5.75,0.7,1.2,7.26,-5.02,1.94,10.87,4.36,4.38,0.4,0.6,1.72,1.48,0.0,0.0,7.19,0.78,-0.68,905051916.3
EMAE4,42.5,2.07,23.09,1.69,0.83,8.64,-5.67,12.77,-51.95,-30.7,12.9,-0.42,2.95,3.1,-1.24,5.49,7.34,3.6,-4.36,0.49,0.51,0.28,20.52,-10.61,194422.11,25.09,1.84,-0.42,1318053974.5
ENGI4,6.17,6.35,5.89,1.01,0.21,27.13,21.59,8.06,2.2,6.51,3.93,1.8,0.47,8.39,-0.28,1.11,17.11,3.58,12.31,0.21,0.79,0.44,14.21,30.76,207829.68,6.12,1.05,-0.24,14787455588.08
ENMT4,78.5,5.48,14.43,5.55,1.46,31.44,26.34,16.7,9.15,11.21,2.24,1.36,2.41,58.81,-1.96,1.11,38.42,10.08,20.73,0.26,0.74,0.6,13.11,201.59,27999.0,14.16,5.44,2.85,16844792335.28
ESTR4,39.99,0.0,-0.85,-0.07,0.11,43.51,15.58,-23.04,1.26,4.92,3.89,0.0,0.2,-0.06,-0.26,0.26,-7.76,-12.43,-5.39,-1.6,2.6,0.54,4.9,0.0,5332.83,-605.44,-47.01,-0.01,26346821.0
EUCA4,9.5,8.32,2.41,0.43,0.24,32.65,15.64,14.16,2.18,3.38,1.22,0.24,0.34,1.49,-0.38,1.75,17.72,9.92,13.58,0.56,0.44,0.7,16.44,61.2,453025.41,22.27,3.95,0.17,871755930.0
FBMC4,1.96,0.0,-0.09,-0.02,0.03,-60.76,-92.67,-101.97,-0.1,-0.74,-0.67,0.0,0.09,-0.04,-0.05,0.31,-24.19,-36.57,25.82,-1.51,2.51,0.36,-18.14,0.0,0.0,-87.48,-21.16,0.0,904253.84
FESA4,48.5,11.09,4.03,1.41,1.05,46.29,36.99,33.84,3.69,3.47,-0.46,-0.17,1.36,3.6,-1.81,3.35,34.93,26.12,28.98,0.75,0.25,0.77,23.14,31.53,12084742.32,34.43,12.03,0.06,4563200000.0
GEPA4,24.6,9.75,9.55,1.24,0.63,40.92,35.05,17.76,4.84,6.3,1.58,0.41,1.7,-3.97,-0.71,0.42,13.0,6.54,13.94,0.5,0.5,0.37,-1.18,-0.05,22035.58,19.82,2.58,0.0,2264510126.34
GETT4,2.4,2.05,7.55,1.24,0.08,41.43,18.41,17.71,7.26,0.0,0.99,0.17,1.34,3.13,-1.96,1.03,16.41,1.07,10.57,0.07,0.93,0.06,0.0,0.0,87049.26,1.94,0.32,0.07,0.0
GGBR4,24.31,14.93,3.74,0.92,0.58,22.75,21.54,13.86,2.41,2.7,0.4,0.15,0.52,2.4,-1.0,2.32,24.68,15.48,22.7,0.63,0.37,1.12,17.42,0.0,315636666.86,26.35,6.5,-0.14,40816636428.78
GOAU4,11.38,10.98,3.14,0.25,0.16,22.75,21.46,4.54,0.67,1.0,0.35,0.13,0.14,0.63,-0.28,2.39,7.92,5.01,22.17,0.63,0.37,1.1,17.42,0.0,94313032.68,45.74,3.62,-0.11,11502228284.8
GOLL4,5.99,0.0,-12.28,-0.9,1.13,20.72,3.67,-10.27,34.41,24.99,20.48,0.0,1.26,-1.76,-1.37,0.22,-7.31,-9.2,-5.48,-1.26,2.26,0.9,8.03,0.0,114649013.86,-6.67,-0.49,0.16,2507731931.23
HAGA4,0.99,0.0,3.29,-0.19,0.2,19.89,11.89,12.53,3.47,1.4,-2.91,0.0,0.41,0.57,-1.19,1.74,-5.67,6.07,-6.27,-1.07,2.07,0.48,9.48,1.81,20556.92,-5.3,0.3,-0.05,14637000.24
HETA4,4.04,0.0,-1.72,0.0,0.18,100.0,92.5,-38.58,0.72,119.22,113.02,0.0,0.66,-0.02,-0.21,0.02,-0.22,-10.66,-1.24,-49.56,50.56,0.28,-0.71,0.0,10109.86,-1092.26,-2.35,0.02,17803764.04
HOOT4,1.05,0.0,0.17,-0.04,0.04,65.92,159.14,124.56,0.14,0.01,-0.05,0.0,0.22,-0.03,-0.04,0.05,-22.15,23.81,-24.55,-1.08,2.14,0.19,-20.33,0.0,12159.77,-27.26,6.04,0.0,8289218.7
IDVL4,2.67,0.0,-1.22,1.16,0.07,-18.91,-40.19,-154.6,-4.71,-3.84,0.0,0.0,1.89,0.59,-0.16,1.26,-94.38,-5.67,0.0,0.06,0.94,0.04,-32.17,0.0,0.0,2.31,-2.18,0.0,224007574.38
IGTI4,7.77,2.39,1257.5,2.32,1.18,58.59,48.68,0.74,19.23,12.26,2.57,0.31,9.36,20.29,-1.62,1.27,0.18,0.09,4.87,0.51,0.49,0.13,7.95,-37.31,103402.74,3.35,0.01,-12.99,4793578894.5
INEP4,0.84,0.0,0.14,-0.12,0.1,33.29,5253.92,4530.1,0.12,0.82,0.69,0.0,6.38,-0.16,-0.11,0.1,-83.05,72.91,-274.55,-0.88,1.88,0.02,-18.75,0.0,764248.84,-7.18,5.96,0.0,174151130.2
ITSA4,7.78,7.47,5.52,0.99,0.78,33.88,183.47,161.14,4.85,5.27,0.36,0.07,8.89,17.42,-0.89,1.59,17.87,14.15,17.12,0.79,0.21,0.09,11.3,10.92,193044745.89,7.89,1.41,0.46,76410465489.3
ITUB4,22.99,5.51,7.59,1.27,0.1,40.78,13.25,10.48,6.01,5.58,0.0,0.0,0.8,0.0,-0.1,0.0,16.75,1.28,0.0,0.08,0.92,0.12,13.63,5.07,941330554.14,18.09,3.03,0.69,209332210887.36
JOPA4,37.4,2.43,12.31,0.7,0.17,21.51,5.41,1.48,3.36,7.41,5.45,1.14,0.18,0.43,-0.62,2.19,5.71,1.38,5.16,0.24,0.68,0.93,11.31,0.93,3740.0,53.22,3.04,0.13,230654612.0
KLBN4,3.62,8.17,4.33,1.76,0.43,47.5,33.4,23.42,3.04,6.18,3.14,1.82,1.02,3.37,-0.58,1.94,40.56,9.86,12.22,0.24,0.76,0.42,19.06,54.55,18701259.95,2.06,0.84,0.09,20325535991.21
LAME4,6.57,0.0,21.06,1.9,0.28,32.9,4.35,2.27,10.98,16.86,5.87,1.01,0.48,1.19,-0.65,1.72,9.02,1.34,2.89,0.15,0.63,0.59,3.5,18.61,0.0,3.46,0.31,-46.75,12391135396.59
LUXM4,81.68,0.85,50.83,4.06,2.81,27.26,14.99,6.1,20.69,11.75,0.21,0.04,3.1,-137.97,-3.26,0.87,7.99,5.53,7.01,0.69,0.31,0.91,7.08,-1.47,76846.22,20.11,1.61,-1.12,236708640.0
MAPT4,10.21,0.0,-52.71,-1.55,12.14,0.0,0.0,0.0,-57.56,-112.87,0.0,0.0,0.0,-1563.65,-12.14,0.0,-2.94,-23.03,2.69,-7.84,8.84,0.0,0.0,0.0,2041.0,-6.59,-0.19,-15.11,18398305.15
MERC4,7.4,0.0,-22.81,0.53,0.46,77.95,-16.89,-11.36,-15.34,-24.38,0.0,0.0,2.59,61.36,-0.46,0.0,-2.32,-2.01,0.0,0.86,0.14,0.18,-29.95,0.0,10049.06,13.95,-0.32,0.16,211758446.15
MGEL4,12.14,0.0,0.85,-0.37,0.11,15.17,12.48,8.14,0.55,5.93,5.26,0.0,0.07,0.27,-0.3,2.54,-43.65,12.63,21.13,-0.29,1.29,1.55,15.08,118.86,33346.0,-32.7,14.27,-0.01,84658222.25
MODL4,2.72,2.8,39.17,1.49,0.25,56.79,6.94,3.57,20.15,20.89,0.0,0.0,1.4,0.0,-0.3,0.0,3.8,0.64,0.0,0.17,0.83,0.18,0.0,0.0,31974.18,1.83,0.07,-0.69,1985844000.0
MSPA4,41.0,0.0,-8.14,0.33,0.18,32.47,-10.46,-17.14,-13.34,-19.69,-4.85,0.12,1.4,6.37,-0.2,1.57,-4.0,-2.27,-2.09,0.57,0.43,0.13,-22.81,0.0,24540.0,126.06,-5.04,2.7,292167995.25
MTIG4,23.0,0.0,-54.87,-39.91,33.61,-23.23,-86.65,-132.89,-84.15,-2.93,-2.82,0.0,72.92,-31.14,-49.22,0.23,-72.74,-61.25,-149.31,-0.84,1.84,0.46,-19.4,0.0,6887.4,-0.58,-0.42,-0.05,3700608.0
MTSA4,40.89,6.46,3.92,0.94,0.68,30.33,15.31,11.49,2.94,3.78,-0.34,-0.11,0.45,1.26,-3.18,3.15,23.95,17.31,19.12,0.72,0.28,1.51,27.16,47.5,65375.88,43.6,10.44,0.05,503101458.0
MWET4,9.51,0.0,0.65,-2.0,0.07,15.98,2.71,10.21,2.46,11.46,7.23,0.0,0.07,3.69,-0.13,1.05,-305.8,11.17,-9.3,-0.04,1.04,1.09,19.24,35.65,31050.88,-4.75,14.54,-0.01,33614049.0
NAFG4,19.02,0.0,3.49,0.82,0.34,41.15,16.49,9.34,1.97,5.06,1.17,0.48,0.33,0.94,-0.85,2.52,23.42,9.77,15.89,0.42,0.58,1.05,7.87,35.19,0.0,23.3,5.46,-0.34,508315292.42
ODER4,857.15,0.18,110.59,24.32,11.73,28.75,15.07,12.01,88.11,89.63,1.52,0.42,13.28,32.06,-41.03,2.05,21.99,10.61,12.69,0.48,0.52,0.88,11.24,14.6,0.0,35.25,7.75,-2.84,9674742907.9
OIBR4,2.5,0.0,-0.56,-0.72,0.03,-3.45,-28.92,-25.35,-0.49,-5.68,-5.47,0.0,0.14,0.45,-0.05,1.37,-128.78,-6.02,-30.36,-0.05,1.05,0.24,-16.61,0.0,1327974.81,-3.46,-4.45,0.01,709744071.84
PATI4,44.0,6.62,18.91,1.25,0.55,8.07,4.43,2.39,10.21,11.88,0.21,0.03,0.45,1.03,-3.25,2.83,6.63,2.93,4.84,0.44,0.56,1.23,23.42,26.35,8891.0,35.11,2.33,-0.23,1204210983.8
PCAR4,72.11,0.0,-113.25,1.42,0.44,24.84,-3.26,-0.99,-34.48,-10.19,-3.74,0.15,1.12,1.8,-1.27,1.61,-1.25,-0.39,-5.2,0.31,0.69,0.4,-17.25,0.0,0.0,50.84,-0.64,0.93,3644176040.81
PEAB4,54.0,3.53,-6.19,1.02,0.86,62.81,-497.34,-299.31,-3.73,-2.25,0.71,-0.19,18.54,3.13,-1.23,14.2,-16.52,-13.92,-35.46,0.84,0.16,0.05,-37.48,0.0,15760.2,52.76,-8.72,0.04,550313155.35
PETR4,22.63,74.14,1.57,0.81,0.3,52.1,45.89,29.37,1.0,1.83,0.76,0.62,0.46,-434.75,-0.36,1.0,51.68,19.28,32.28,0.37,0.63,0.66,17.72,0.0,1648318946.19,27.93,14.44,0.02,315068318085.04
PINE4,1.68,3.66,7.66,0.36,0.02,12.88,1.68,2.81,12.84,6.1,0.0,0.0,0.22,-0.13,-0.03,0.64,4.71,0.25,0.0,0.05,0.95,0.09,8.18,0.0,391225.43,4.66,0.22,0.13,148756829.76
PNVL4,18.62,0.0,32.78,2.57,1.09,31.04,3.34,2.25,22.07,16.41,5.79,0.67,0.74,4.5,-2.46,1.77,7.83,3.32,5.91,0.42,0.58,1.48,8.67,9.99,0.0,7.26,0.57,3.98,1347382229.76
POMO4,3.25,7.2,6.85,0.96,0.42,15.32,4.91,8.29,11.58,15.06,4.5,0.37,0.57,1.66,-0.95,1.81,14.01,6.07,4.35,0.43,0.57,0.73,13.49,44.15,18695291.11,3.38,0.47,0.3,2807517528.74
PTNT4,5.17,6.17,5.54,0.69,0.29,16.55,9.05,5.12,3.13,5.59,1.94,0.43,0.28,1.3,-0.61,1.77,12.47,5.31,8.92,0.43,0.49,1.04,11.78,12.68,73237.84,7.49,0.93,-0.15,289724006.88
RAIZ4,2.25,10.55,241.7,1.1,0.22,4.44,1.43,0.04,6.69,17.94,11.26,1.85,0.1,2.97,-0.42,1.19,0.45,0.09,4.11,0.2,0.79,2.33,0.0,0.0,120837357.57,2.05,0.01,-2.49,23293146339.0
RANI4,5.5,0.0,3.58,1.2,0.39,47.91,34.38,22.42,2.34,4.85,1.28,0.66,0.8,1.46,-0.67,2.61,33.62,10.76,15.07,0.32,0.68,0.48,14.44,0.0,0.0,4.57,1.54,0.11,2069418279.6
RAPT4,7.13,12.06,4.98,0.61,0.18,23.54,11.23,4.23,1.88,3.69,1.83,0.6,0.21,0.6,-0.46,2.01,12.34,3.66,11.21,0.3,0.7,0.87,30.59,58.8,23924279.59,11.6,1.43,-0.15,2334144837.05
RCSL4,0.61,0.0,-7.47,-0.61,0.36,11.35,0.66,-4.4,49.41,123.25,-1.36,0.0,0.33,6.79,-0.66,1.13,-8.13,-4.81,-1.03,-0.59,1.6,1.1,0.0,0.0,342380.62,-1.0,-0.08,-0.02,58317524.82
RNEW4,1.51,0.0,2.01,-0.62,0.19,30.94,294.0,108.4,0.74,2.47,1.73,0.0,2.18,-8.63,-0.22,0.87,-30.6,9.41,133.4,-0.31,1.31,0.09,-27.95,0.0,116798.51,-2.45,0.75,0.03,377552386.75
RSUL4,70.0,2.84,6.21,2.91,1.26,36.02,26.2,17.0,4.03,1.37,-0.29,-0.21,1.06,4.58,-2.56,2.17,46.77,20.21,50.2,0.43,0.57,1.19,26.29,12.74,88496.81,24.09,11.27,-0.25,171132710.0
SANB4,13.65,7.02,8.28,1.25,0.1,20.14,14.46,13.87,7.94,7.44,0.0,0.0,1.15,-0.13,-0.11,0.14,15.08,1.16,0.0,0.08,0.92,0.08,10.04,6.73,3318396.19,10.93,1.65,-0.47,95943704797.55
SAPR4,3.43,8.96,4.5,0.59,0.31,57.99,31.52,20.3,2.9,5.05,2.17,0.44,0.91,6.17,-0.37,1.52,13.11,6.91,10.05,0.53,0.47,0.34,7.96,10.91,7863897.62,5.81,0.76,-2.03,5159255641.87
SHUL4,4.22,6.65,5.59,1.35,0.64,25.96,18.11,12.9,3.98,47.85,0.49,0.17,0.72,1.53,-1.87,2.71,24.22,11.39,17.84,0.47,0.53,0.88,24.97,46.42,2012056.89,3.12,0.76,0.14,17948551471.48
SLED4,0.95,0.0,0.06,-0.03,0.07,43.87,290.32,184.23,0.04,0.38,0.32,0.0,0.11,-0.09,-0.09,0.27,-41.73,111.56,-85.85,-2.67,3.67,0.61,-44.82,0.0,62724.41,-37.97,15.84,0.0,13419338.65
SULA4,7.63,0.26,53.73,1.17,0.32,4.25,-3.34,0.83,-13.3,6.54,19.47,-1.71,0.44,0.88,-0.93,2.29,2.17,0.6,-8.72,0.28,0.72,0.73,4.58,-23.56,90108.19,6.55,0.14,-0.97,9475042424.17
TAEE4,11.58,17.82,8.26,1.82,0.69,80.95,93.3,55.39,4.9,7.77,2.9,1.08,4.57,5.79,-0.84,3.02,22.06,8.37,14.85,0.38,0.62,0.15,19.43,17.46,4890398.05,6.36,1.4,-0.24,11898992247.78
TASA4,13.97,11.63,3.4,1.73,0.78,45.69,29.95,20.47,2.33,2.56,0.24,0.18,0.7,3.77,-2.19,1.47,50.77,22.84,34.88,0.45,0.55,1.12,29.58,0.0,9924385.05,8.09,4.11,-0.19,1769083042.98
TCNO4,0.85,0.0,-5.33,-5.95,0.02,0.0,0.0,0.0,-4.82,-34.51,-28.98,0.0,0.0,-0.06,-0.03,0.28,-111.63,-0.45,-3.55,0.0,1.0,0.0,0.0,0.0,12175.76,-0.14,-0.16,-0.2,6451072.5
TEKA4,16.96,0.0,-0.08,0.0,0.01,19.45,6.8,-39.9,0.48,34.11,33.71,0.0,0.03,0.0,-0.01,0.04,-5.61,-9.53,-1.22,-1.7,2.7,0.24,7.53,0.0,14878.0,-3661.67,-205.31,0.01,7067610.85
TELB4,11.5,0.0,-7.78,0.6,0.25,-53.9,-10.84,-36.72,-26.34,-9.62,27.08,-0.61,2.86,0.82,-0.4,4.75,-7.68,-3.16,-2.08,0.41,0.59,0.09,36.54,0.0,154755.3,19.26,-1.48,-11.05,1384265229.25
TFCO4,10.25,1.76,100.87,29.63,16.78,57.59,22.07,17.0,77.7,13.32,0.25,0.09,17.15,37.23,-63.98,2.57,29.38,16.64,24.13,0.57,0.43,0.98,22.58,23.35,2001003.11,0.35,0.1,4.03,1637109515.38
TIET4,3.51,0.0,6.13,3.15,0.64,74.66,61.76,49.46,4.91,7.15,3.64,2.34,3.03,1443.59,-0.72,1.0,51.45,10.47,13.16,0.2,0.72,0.21,-5.19,23.78,0.0,1.11,0.57,0.03,5004795800.93
TKNO4,72.99,8.96,4.12,0.81,0.57,23.15,17.23,15.95,3.82,3.03,-0.69,-0.15,0.66,1.67,-1.44,2.35,19.71,13.93,17.63,0.71,0.29,0.87,23.01,0.0,7299.33,89.78,17.7,-0.37,209827992.54
TOYB4,2.5,0.0,-47.96,-5.43,4.4,24.06,-10.7,-10.96,-49.12,-47.62,-0.63,0.0,5.26,-6.47,-12.98,0.49,-11.31,-9.18,11.93,-0.81,1.81,0.84,-33.11,0.0,0.0,-0.46,-0.05,0.52,71890222.22
TRPL4,21.42,4.96,6.24,0.85,0.44,60.17,64.04,41.5,4.04,6.47,1.95,0.41,2.59,4.18,-0.51,3.61,13.68,7.02,12.74,0.51,0.49,0.17,15.07,10.62,45518960.08,25.1,3.43,-0.25,15776978743.08
TXRX4,3.03,0.0,-0.69,-0.04,0.05,31.51,15.99,-9.31,0.4,10.35,9.69,0.0,0.06,-0.07,-0.11,0.42,-5.68,-7.36,-183.75,-1.3,2.3,0.79,13.47,0.0,21415.31,-77.44,-4.4,0.0,21164560.44
VIVT4,45.34,0.0,18.46,1.1,0.63,42.9,13.73,8.5,11.43,12.21,2.58,0.25,1.57,-15.43,-0.74,0.78,5.97,3.43,6.64,0.57,0.43,0.4,2.14,-2.38,0.0,41.15,2.46,-0.53,63547867124.2
WHRL4,4.32,4.76,11.99,2.66,0.8,16.5,7.83,4.95,7.59,7.12,-0.55,-0.19,0.59,12.57,-2.64,1.1,22.16,6.69,20.32,0.3,0.7,1.35,14.11,11.67,37106.62,1.63,0.36,-0.24,6564044608.36
WLMM4,22.47,4.06,6.98,1.31,1.01,13.34,7.75,5.94,5.35,5.47,0.17,0.04,0.41,2.54,-2.29,3.41,18.85,14.45,15.45,0.77,0.23,2.43,32.16,0.0,14872.62,17.09,3.22,0.64,810449161.5
